Signal_Strength RTT Lost_Rate Bandwidth Throughput1 Framerate 
-75.62 29 0.9868 11120606 545.18 29.9698
-73.70 23 4.2763 12201395 545.18 19.2474
-73.00 18 2.8658 12682592 561.22 29.8451
-75.22 30 3.5273 9990342 615.53 29.8439
-74.49 29 0.0000 10039496 681.48 29.9630
-75.44 38 27.8208 3120285 465.4 6.3893
-73.95 26 2.0374 10350584 502.14 29.8441
-60.43 7 1.6556 51973789 1330 29.9691
-63.47 7 1.4827 48164441 867.34 29.7212
-58.12 7 2.4430 51840739 867.34 29.7173
-78.74 38 1.2891 6285226 293.56 29.9612
-79.09 48 0.6568 6017311 227.16 29.9642
-80.71 105 52.3170 1225650 73.11 2.9303
-80.07 92 25.3853 2010958 73.11 3.0544
-79.86 68 53.5831 1932375 73.11 8.3867
-79.45 46 2.6087 4559012 64.46 10.8520
-79.06 44 4.1534 4723627 86.73 5.4216
-79.88 81 27.1856 1746809 114.95 2.9216
-80.48 170 57.9235 1082191 238.52 2.4934
-77.43 13 7.2968 17145671 443.75 29.9684
-74.55 19 5.3055 14575292 681.48 29.9365
-52.63 5 0.6494 52016148 1160 29.9685
-50.46 5 0.3241 51958724 1240 29.8453
-77.14 23 2.7875 7118092 454.32 29.9633
-75.07 30 8.6799 5839795 578.23 19.3759
-70.68 8 0.1623 17158110 1100 29.9686
-67.10 7 0.4878 18379009 1100 29.9516
-69.55 7 1.8809 21337560 1040 29.9231
-72.60 7 0.3247 17804154 1100 29.9545
-68.36 6 0.1567 32658097 1160 29.9366
-47.75 6 2.6646 51237300 908.64 29.9205
-32.06 5 0.1567 50945744 1240 29.9377
-37.04 6 0.1567 51986406 1330 29.9698
-35.65 6 0.0000 51836964 1330 29.8284
-59.84 5 0.3135 36965224 1100 29.5529
-56.22 6 0.1567 21238689 1160 29.8453
-62.14 5 0.4702 25663200 1160 29.9476
-78.43 43 0.3643 5605338 381.63 29.9673
-79.41 46 12.5424 4503873 489.27 18.7935
-77.68 39 1.5000 7022970 360.03 29.9653
-78.94 39 7.3630 3861643 298.15 2.8439
-76.02 26 0.7260 9190585 561.22 29.9557
-73.94 19 0.8197 13025842 1100 29.9697
-75.43 25 0.6557 11044262 545.18 29.9631
-74.26 21 3.6810 14626565 545.18 29.9697
-74.28 26 0.7260 10453312 561.22 29.9684
-74.48 30 6.3356 9549184 615.53 29.8459
-73.03 25 4.9536 11697186 73.11 17.8058
-74.72 24 0.8210 11267386 681.48 29.8437
-74.48 40 41.2910 3258813 465.4 27.3454
-74.18 25 0.5455 11085498 502.14 29.9633
-59.01 7 2.0376 51981180 1330 29.9334
-58.94 7 2.3148 50081630 867.34 29.8450
-58.25 7 1.7241 51326521 867.34 29.8312
-78.56 44 3.6166 5794567 293.56 17.7202
-79.95 91 49.3404 1031938 73.11 2.8633
-80.06 76 27.2848 1353856 73.11 2.7934
-79.96 96 27.0510 1357096 73.11 2.5882
-77.61 42 0.4926 6110353 73.11 29.8435
-79.99 60 0.9023 3080481 73.11 3.3554
-78.82 71 51.9816 1277546 64.46 5.8226
-80.55 61 32.7869 2225149 86.73 2.6924
-79.60 73 32.2835 1288022 114.95 2.0516
-81.26 67 28.7234 2062757 238.52 2.7538
-78.42 17 8.7912 13408123 443.75 29.9660
-69.06 13 3.8017 15251198 681.48 29.9707
-57.65 6 1.1438 50374741 1160 29.9548
-50.57 5 0.4862 52094492 1240 29.9556
-78.31 26 1.4706 8003031 454.32 29.9697
-77.74 33 15.6364 5445421 578.23 29.3248
-71.05 8 0.0000 16804826 1100 29.9513
-67.05 6 0.4886 20606644 1100 29.9453
-69.91 8 0.0000 16716757 1040 29.9667
-70.50 7 0.3247 18142275 1100 29.9514
-64.92 6 0.4870 32199356 1160 29.9591
-50.55 6 3.0628 49832901 908.64 29.7840
-50.72 6 3.2159 44299317 908.64 29.9570
-35.35 5 0.4702 50143065 1240 29.9265
-36.41 5 0.4702 52092922 1330 29.9559
-35.92 6 0.3135 51447096 1330 29.9463
-59.88 6 0.1621 26280047 1100 29.9549
-56.99 5 0.3135 26790733 1160 29.8764
-60.54 6 0.1567 27651717 1160 29.9560
-79.08 48 0.5515 6032947 381.63 29.9548
-79.46 38 8.0189 3822021 489.27 9.0420
-79.66 46 7.2378 4169468 360.03 12.0230
-78.35 48 13.8439 4607760 298.15 22.4016
-76.05 27 0.6579 9342816 561.22 29.9656
-76.14 33 0.3636 8991960 1100 29.8456
-75.03 80 1.5025 10094417 545.18 29.8715
-74.56 85 1.8487 8604456 545.18 29.9703
-73.73 64 2.8765 10130273 561.22 29.9700
-70.20 49 7.8989 6684141 615.53 29.9734
-74.99 89 1.8692 7631896 681.48 28.9805
-75.55 143 6.7568 3866811 465.4 27.5773
-72.06 82 5.0542 11618505 502.14 29.2684
-60.32 7 1.8303 47186874 1330 29.9492
-60.84 8 5.2326 43461602 867.34 29.5857
-55.52 8 4.7692 45811914 867.34 29.8447
-78.87 136 14.0756 3392907 293.56 11.8818
-78.86 143 23.5632 2672637 227.16 0.6828
-79.83 189 27.4945 3451875 188.93 17.1166
-79.65 200 5.3333 3411988 73.11 3.0651
-80.57 943 64.5570 1411766 64.46 0.4192
-79.72 535 20.4082 3701369 86.73 1.8846
-78.69 367 30.0995 1764858 114.95 7.2197
-79.38 235 11.2760 3639416 238.52 2.9976
-77.82 103 5.5777 5675940 443.75 16.8814
-69.18 23 4.5242 18252411 681.48 29.9693
-54.36 6 0.1562 49850387 1160 29.9620
-52.99 5 0.1621 50457073 1240 29.8452
-77.24 109 4.1667 8001952 454.32 10.5844
-78.69 107 6.9767 4926670 578.23 26.1705
-70.62 27 0.6568 12911264 1100 29.9656
-67.72 9 0.9772 16741984 1100 29.9211
-66.36 8 0.3125 16623316 1040 29.9222
-68.29 7 0.3241 17428777 1100 29.9625
-66.61 6 0.3241 23368900 1160 29.9613
-48.54 6 3.8760 39452713 908.64 29.2317
-49.10 7 5.7994 38650969 908.64 29.9702
-36.07 7 0.7812 43247433 1240 29.9500
-36.90 6 0.0000 51269068 1330 29.9657
-35.59 6 0.4688 50692754 1330 29.9608
-59.81 6 0.1562 17400117 1100 29.9488
-59.18 6 0.1621 30625801 1160 29.9667
-61.66 5 0.0000 21972554 1160 29.9685
-75.91 91 3.3333 5005043 381.63 29.8096
-80.52 172 19.2229 1809273 489.27 8.1560
-79.58 110 7.2765 4382576 360.03 8.7868
-78.07 141 5.3996 4246293 298.15 29.4433
-74.71 65 4.6075 6944715 298.15 29.9272
-75.07 37 0.7339 9703169 561.22 29.9505
-72.46 33 1.2774 9462191 1100 29.9681
-74.70 88 1.4898 9746437 545.18 29.9691
-75.04 94 2.2222 7189860 545.18 29.9686
-73.89 61 2.4575 10895310 561.22 29.9364
-73.47 74 13.2997 2800249 615.53 29.9279
-75.26 115 1.6771 7155474 681.48 29.8397
-75.40 252 5.3985 3066451 465.4 25.5603
-73.56 99 2.6871 10242064 502.14 29.7193
-60.22 8 3.3435 43519238 1330 29.5985
-59.29 9 3.8270 40388895 867.34 29.9672
-55.75 9 3.2520 45041391 867.34 29.9536
-78.83 143 7.2805 4755404 293.56 7.6298
-78.98 257 6.8681 3305001 227.16 0.6489
-79.10 1285 18.2482 2716470 73.11 2.9591
-80.65 586 93.9079 1047080 73.11 0.8391
-79.21 208 21.2446 3164671 73.11 2.7763
-80.13 296 37.6712 2320535 73.11 0.6097
-80.03 414 90.5297 1574890 73.11 0.4777
-78.65 539 24.3119 2141172 64.46 2.6684
-80.62 177 60.3381 1206361 86.73 0.2443
-79.47 378 37.6652 1707168 114.95 1.8402
-80.06 184 26.4591 2551131 238.52 2.4782
-79.06 216 5.5690 5620405 443.75 12.9868
-77.75 71 4.0541 10613909 681.48 29.6714
-54.47 6 0.9772 47300196 1160 29.9700
-52.07 6 0.6494 51224487 1240 29.9655
-78.60 51 4.3554 7510026 454.32 29.8419
-78.98 68 5.5762 6007302 578.23 17.4425
-70.69 12 0.6568 17431424 1100 29.9579
-69.63 12 0.8170 17076950 1100 29.9525
-66.11 6 0.0000 19293515 1040 29.9659
-69.06 7 0.3125 16059132 1100 29.8993
-67.34 9 0.1621 20118757 1160 29.9570
-47.99 6 5.0975 38798414 908.64 29.9655
-35.58 6 0.3125 45273342 1240 29.9793
-36.12 6 0.1562 52238113 1330 29.9385
-35.02 5 0.4688 47008380 1330 29.9625
-59.00 7 0.4688 20050515 1100 29.9558
-58.31 6 0.3125 46395227 1160 29.9401
-60.28 6 0.6494 19472501 1160 29.9648
-77.53 252 9.7561 4739464 381.63 26.8975
-79.57 166 17.5439 1749008 489.27 16.3529
-78.76 205 9.1765 3144252 360.03 13.4118
-78.04 182 3.0568 4094501 298.15 27.0551
-76.19 61 1.6722 7038132 298.15 28.3515
-77.80 27 0.1631 11190578 561.22 29.9607
-76.89 108 1.7045 6068757 1100 29.4290
